 Entering Gaussian System, Link 0=g16
 Input=test01.com
 Output=test01.log
 Initial command:
 /home/filippo/gaussian_molecolab/l1/l1.exe "/home/filippo/gauscr/Gau-4440.inp" -scrdir="/home/filippo/gauscr/" -exedir="/home/filippo/gaussian_molecolab/l1:/home/filippo/gaussian_molecolab/exe-dir:/software/gaussian/g16A03/g16/bsd:/software/gaussian/g16A03/g16"
 Entering Link 1 = /home/filippo/gaussian_molecolab/l1/l1.exe PID=      4441.
  
 Copyright (c) 1988,1990,1992,1993,1995,1998,2003,2009,2016,
            Gaussian, Inc.  All Rights Reserved.
  
 This is part of the Gaussian(R) 16 program.  It is based on
 the Gaussian(R) 09 system (copyright 2009, Gaussian, Inc.),
 the Gaussian(R) 03 system (copyright 2003, Gaussian, Inc.),
 the Gaussian(R) 98 system (copyright 1998, Gaussian, Inc.),
 the Gaussian(R) 94 system (copyright 1995, Gaussian, Inc.),
 the Gaussian 92(TM) system (copyright 1992, Gaussian, Inc.),
 the Gaussian 90(TM) system (copyright 1990, Gaussian, Inc.),
 the Gaussian 88(TM) system (copyright 1988, Gaussian, Inc.),
 the Gaussian 86(TM) system (copyright 1986, Carnegie Mellon
 University), and the Gaussian 82(TM) system (copyright 1983,
 Carnegie Mellon University). Gaussian is a federally registered
 trademark of Gaussian, Inc.
  
 This software contains proprietary and confidential information,
 including trade secrets, belonging to Gaussian, Inc.
  
 This software is provided under written license and may be
 used, copied, transmitted, or stored only in accord with that
 written license.
  
 The following legend is applicable only to US Government
 contracts under FAR:
  
                    RESTRICTED RIGHTS LEGEND
  
 Use, reproduction and disclosure by the US Government is
 subject to restrictions as set forth in subparagraphs (a)
 and (c) of the Commercial Computer Software - Restricted
 Rights clause in FAR 52.227-19.
  
 Gaussian, Inc.
 340 Quinnipiac St., Bldg. 40, Wallingford CT 06492
  
  
 ---------------------------------------------------------------
 Warning -- This program may not be used in any manner that
 competes with the business of Gaussian, Inc. or will provide
 assistance to any competitor of Gaussian, Inc.  The licensee
 of this program is prohibited from giving any competitor of
 Gaussian, Inc. access to this program.  By using this program,
 the user acknowledges that Gaussian, Inc. is engaged in the
 business of creating and licensing software in the field of
 computational chemistry and represents and warrants to the
 licensee that it is not a competitor of Gaussian, Inc. and that
 it will not use this program in any manner prohibited above.
 ---------------------------------------------------------------
  

 Cite this work as:
 Gaussian 16, Revision A.03,
 M. J. Frisch, G. W. Trucks, H. B. Schlegel, G. E. Scuseria, 
 M. A. Robb, J. R. Cheeseman, G. Scalmani, V. Barone, 
 G. A. Petersson, H. Nakatsuji, X. Li, M. Caricato, A. V. Marenich, 
 J. Bloino, B. G. Janesko, R. Gomperts, B. Mennucci, H. P. Hratchian, 
 J. V. Ortiz, A. F. Izmaylov, J. L. Sonnenberg, D. Williams-Young, 
 F. Ding, F. Lipparini, F. Egidi, J. Goings, B. Peng, A. Petrone, 
 T. Henderson, D. Ranasinghe, V. G. Zakrzewski, J. Gao, N. Rega, 
 G. Zheng, W. Liang, M. Hada, M. Ehara, K. Toyota, R. Fukuda, 
 J. Hasegawa, M. Ishida, T. Nakajima, Y. Honda, O. Kitao, H. Nakai, 
 T. Vreven, K. Throssell, J. A. Montgomery, Jr., J. E. Peralta, 
 F. Ogliaro, M. J. Bearpark, J. J. Heyd, E. N. Brothers, K. N. Kudin, 
 V. N. Staroverov, T. A. Keith, R. Kobayashi, J. Normand, 
 K. Raghavachari, A. P. Rendell, J. C. Burant, S. S. Iyengar, 
 J. Tomasi, M. Cossi, J. M. Millam, M. Klene, C. Adamo, R. Cammi, 
 J. W. Ochterski, R. L. Martin, K. Morokuma, O. Farkas, 
 J. B. Foresman, and D. J. Fox, Gaussian, Inc., Wallingford CT, 2016.
 
 ******************************************
 Gaussian 16:  ES64L-G16RevA.03 25-Dec-2016
                29-Mar-2021 
 ******************************************
 ----------------------------------------------------
 #p b3lyp/3-21G nosymm mmpol force int(grid=finegrid)
 ----------------------------------------------------
 1/10=7,30=1,38=1/1,3;
 2/12=2,15=1,17=6,18=5,40=1/2;
 3/5=5,11=2,25=1,30=1,71=1,74=-5,75=-4,180=1/1,2,3;
 4//1;
 5/5=2,38=5/2;
 6/7=2,8=2,9=2,10=2,28=1/1;
 7/29=1,30=1/1,2,3,16;
 1/10=7,30=1/3;
 99//99;
 Leave Link    1 at Mon Mar 29 10:33:09 2021, MaxMem=           0 cpu:               0.0 elap:               0.1
 (Enter /software/gaussian/g16A03/g16/l101.exe)
 ----------------------------------------------------------------------
 Molecolab QM/MMPol implementation in Gaussian - Test01 feature: Forces
  using the Wang-AL force field solution method: Inversion (matvec meth
 od incore)
 ----------------------------------------------------------------------
 Symbolic Z-matrix:
 Charge =  0 Multiplicity = 1
 He                    10000.    10000.    10000. 
 
 ITRead=  0
 MicOpt= -1
 NAtoms=      1 NQM=        1 NQMF=       0 NMMI=      0 NMMIF=      0
                NMic=       0 NMicF=      0.
                    Isotopes and Nuclear Properties:
 (Nuclear quadrupole moments (NQMom) in fm**2, nuclear magnetic moments (NMagM)
  in nuclear magnetons)

  Atom         1
 IAtWgt=           4
 AtmWgt=   4.0026032
 NucSpn=           0
 AtZEff=   0.0000000
 NQMom=    0.0000000
 NMagM=    0.0000000
 AtZNuc=   2.0000000
 Leave Link  101 at Mon Mar 29 10:33:09 2021, MaxMem=   104857600 cpu:               0.1 elap:               0.2
 (Enter /software/gaussian/g16A03/g16/l103.exe)

 GradGradGradGradGradGradGradGradGradGradGradGradGradGradGradGradGradGrad
 Berny optimization.
 Initialization pass.
 Trust Radius=3.00D-01 FncErr=1.00D-07 GrdErr=1.00D-07 EigMax=2.50D+02 EigMin=1.00D-04
 Number of steps in this run=      2 maximum allowed number of steps=      2.
 GradGradGradGradGradGradGradGradGradGradGradGradGradGradGradGradGradGrad

 Leave Link  103 at Mon Mar 29 10:33:09 2021, MaxMem=   104857600 cpu:               0.0 elap:               0.0
 (Enter /software/gaussian/g16A03/g16/l202.exe)
                          Input orientation:                          
 ---------------------------------------------------------------------
 Center     Atomic      Atomic             Coordinates (Angstroms)
 Number     Number       Type             X           Y           Z
 ---------------------------------------------------------------------
      1          2           0    10000.00000010000.00000010000.000000
 ---------------------------------------------------------------------
 Symmetry turned off by external request.
 Stoichiometry    He
 Framework group  OH[O(He)]
 Deg. of freedom     0
 Full point group                 OH      NOp  48
 Leave Link  202 at Mon Mar 29 10:33:09 2021, MaxMem=   104857600 cpu:               0.0 elap:               0.0
 (Enter /home/filippo/gaussian_molecolab/exe-dir/l301.exe)
 NAtMM, NumPol:                       12                       12
     181     213     237     273     285     297     309     309     321     357
     369     381     393     489     501     789     801    1665    1665    1665
    1677    1689    1689    1689    1689    1689    1690    1690    1690    1690
    1690    1690    1690    1690    1690    1690    1702    1738    1774    3070
    3070    3069
 MMPol Atoms:
   AN             X           Y           Z   Frag
    6        3.9420     -4.3772      0.1952      2
    1        4.1993     -6.4194      0.3494      2
    1        3.9716     -3.5608      2.0906      2
    1        5.5310     -3.6041     -0.8725      2
    6        1.4689     -3.7621     -1.1153      2
    8        1.3855     -2.3930     -2.9514      2
    7       -0.6879     -4.7534     -0.1695      2
    1       -2.3176     -4.3439     -1.0711      2
    6       -0.8742     -6.4472      2.0173      2
    1       -2.8561     -6.6150      2.5744      2
    1       -0.1497     -8.3142      1.5084      2
    1        0.2092     -5.6854      3.6028      2
 List of MM Atoms endowed of a Polarizability :
     #    Atom             X           Y           Z
     1       1        3.9420     -4.3772      0.1952      6.3427
     2       2        4.1993     -6.4194      0.3494      2.8714
     3       3        3.9716     -3.5608      2.0906      2.8714
     4       4        5.5310     -3.6041     -0.8725      2.8714
     5       5        1.4689     -3.7621     -1.1153      8.7425
     6       6        1.3855     -2.3930     -2.9514      4.0821
     7       7       -0.6879     -4.7534     -0.1695      6.4804
     8       8       -2.3176     -4.3439     -1.0711      2.8714
     9       9       -0.8742     -6.4472      2.0173      6.3427
    10      10       -2.8561     -6.6150      2.5744      2.8714
    11      11       -0.1497     -8.3142      1.5084      2.8714
    12      12        0.2092     -5.6854      3.6028      2.8714
 I12:          1
 I12:=       2       3       4       5
 I13:          1
 I13:=       6       7
 I14:          1
 I14:=       8       9
 I12:          2
 I12:=       1
 I13:          2
 I13:=       3       4       5
 I14:          2
 I14:=       6       7
 I12:          3
 I12:=       1
 I13:          3
 I13:=       2       4       5
 I14:          3
 I14:=       6       7
 I12:          4
 I12:=       1
 I13:          4
 I13:=       2       3       5
 I14:          4
 I14:=       6       7
 I12:          5
 I12:=       1       6       7
 I13:          5
 I13:=       2       3       4       8       9
 I14:          5
 I14:=      10      11      12
 I12:          6
 I12:=       5
 I13:          6
 I13:=       1       7
 I14:          6
 I14:=       2       3       4       8       9
 I12:          7
 I12:=       5       8       9
 I13:          7
 I13:=       1       6      10      11      12
 I14:          7
 I14:=       2       3       4
 I12:          8
 I12:=       7
 I13:          8
 I13:=       5       9
 I14:          8
 I14:=       1       6      10      11      12
 I12:          9
 I12:=       7      10      11      12
 I13:          9
 I13:=       5       8
 I14:          9
 I14:=       1       6
 I12:         10
 I12:=       9
 I13:         10
 I13:=       7      11      12
 I14:         10
 I14:=       5       8
 I12:         11
 I12:=       9
 I13:         11
 I13:=       7      10      12
 I14:         11
 I14:=       5       8
 I12:         12
 I12:=       9
 I13:         12
 I13:=       7      10      11
 I14:         12
 I14:=       5       8
 Thole 
                 1 
      1   0.218849D+01
      2   0.191770D+01
      3   0.191770D+01
      4   0.191770D+01
      5   0.230872D+01
      6   0.203351D+01
      7   0.219634D+01
      8   0.191770D+01
      9   0.218849D+01
     10   0.191770D+01
     11   0.191770D+01
     12   0.191770D+01
 Standard basis: 3-21G (6D, 7F)
 Ernie: Thresh=  0.10000D-02 Tol=  0.10000D-05 Strict=F.
     2 basis functions,     3 primitive gaussians,     2 cartesian basis functions
     1 alpha electrons        1 beta electrons
       nuclear repulsion energy         0.0000000000 Hartrees.
 IExCor=  402 DFT=T Ex+Corr=B3LYP ExCW=0 ScaHFX=  0.200000
 ScaDFX=  0.800000  0.720000  1.000000  0.810000 ScalE2=  1.000000  1.000000
 IRadAn=      4 IRanWt=     -1 IRanGd=            0 ICorTp=0 IEmpDi=  4
 NAtoms=    1 NActive=    1 NUniq=    1 SFac= 1.00D+00 NAtFMM=   60 NAOKFM=F Big=F
 Integral buffers will be    131072 words long.
 Raffenetti 2 integral format.
 Two-electron integral symmetry is turned off.
 Leave Link  301 at Mon Mar 29 10:33:10 2021, MaxMem=   104857600 cpu:               0.0 elap:               0.0
 (Enter /software/gaussian/g16A03/g16/l302.exe)
 NPDir=0 NMtPBC=     1 NCelOv=     1 NCel=       1 NClECP=     1 NCelD=      1
         NCelK=      1 NCelE2=     1 NClLst=     1 CellRange=     0.0.
 One-electron integrals computed using PRISM.
 NBasis=     2 RedAO= T EigKep=  4.05D-01  NBF=     2
 NBsUse=     2 1.00D-06 EigRej= -1.00D+00 NBFU=     2
 Precomputing XC quadrature grid using
 IXCGrd= 4 IRadAn=           4 IRanWt=          -1 IRanGd=           0 AccXCQ= 0.00D+00.
 Generated NRdTot=       0 NPtTot=           0 NUsed=           0 NTot=          32
 NSgBfM=     2     2     2     2     2 MxSgAt=     1 MxSgA2=     1.
 Leave Link  302 at Mon Mar 29 10:33:10 2021, MaxMem=   104857600 cpu:               0.1 elap:               0.1
 (Enter /software/gaussian/g16A03/g16/l303.exe)
 DipDrv:  MaxL=1.
 Leave Link  303 at Mon Mar 29 10:33:10 2021, MaxMem=   104857600 cpu:               0.0 elap:               0.0
 (Enter /home/filippo/gaussian_molecolab/exe-dir/l401.exe)
 ExpMin= 3.83D-01 ExpMax= 1.36D+01 ExpMxC= 1.36D+01 IAcc=2 IRadAn=         4 AccDes= 0.00D+00
 Harris functional with IExCor=  402 and IRadAn=       4 diagonalized for initial guess.
 HarFok:  IExCor=  402 AccDes= 0.00D+00 IRadAn=         4 IDoV= 1 UseB2=F ITyADJ=14
 ICtDFT=  3500011 ScaDFX=  1.000000  1.000000  1.000000  1.000000
 FoFCou: FMM=F IPFlag=           0 FMFlag=      100000 FMFlg1=           0
         NFxFlg=           0 DoJE=T BraDBF=F KetDBF=T FulRan=T
         wScrn=  0.000000 ICntrl=       500 IOpCl=  0 I1Cent=   200000004 NGrid=           0
         NMat0=    1 NMatS0=      1 NMatT0=    0 NMatD0=    1 NMtDS0=    0 NMtDT0=    0
 Symmetry not used in FoFCou.
 Harris En= -2.87642230713302    
 JPrj=0 DoOrth=F DoCkMO=F.
 Leave Link  401 at Mon Mar 29 10:33:10 2021, MaxMem=   104857600 cpu:               0.0 elap:               0.1
 (Enter /home/filippo/gaussian_molecolab/exe-dir/l502.exe)
 Keep R1 ints in memory in canonical form, NReq=829919.
 FoFCou: FMM=F IPFlag=           0 FMFlag=           0 FMFlg1=           0
         NFxFlg=           0 DoJE=F BraDBF=F KetDBF=F FulRan=T
         wScrn=  0.000000 ICntrl=       600 IOpCl=  0 I1Cent=           0 NGrid=           0
         NMat0=    1 NMatS0=      3 NMatT0=    0 NMatD0=    1 NMtDS0=    0 NMtDT0=    0
 Symmetry not used in FoFCou.
 Two-electron integral symmetry not used.
 Closed shell SCF:
 Using DIIS extrapolation, IDIIS=  1040.
 NGot=   104857600 LenX=   104853430 LenY=   104852548
 Requested convergence on RMS density matrix=1.00D-08 within 128 cycles.
 Requested convergence on MAX density matrix=1.00D-06.
 Requested convergence on             energy=1.00D-06.
 No special actions if energy rises.
 Integral accuracy reduced to 1.0D-05 until final iterations.

 Cycle   1  Pass 0  IDiag  1:
       1      33      57      93     105     117     129     129     141     177
     189     201     213     309     321     609     621    1485    1485    1485
    1497    1509    1509    1509    1509    1509    1510    1510    1510    1510
    1510    1510    1510    1510    1510    1510    1522    1558    1594    2890
    2890    2889
       1      33      57      93     105     117     129     129     141     177
     189     201     213     309     321     609     621    1485    1485    1485
    1497    1509    1509    1509    1509    1509    1510    1510    1510    1510
    1510    1510    1510    1510    1510    1510    1522    1558    1594    2890
    2890    2889
 ============================================================
               QM/MM Polarizable Model (MMPol)
 ============================================================
   Force field type:          AMBER
   Treatment of polarization: Wang-AL
   Solution method:           Matrix Inversion  (In Core   )
   # MM Atoms:                       12
     of which polarizable:           12
 ============================================================
 
 FoFPCM: IWhat = 3 DoEle= T DoNuc= T Delta=T   Init=T Scale=  1.000000
         MinMlt= 0 MaxMlt= 0 DoP2C= T NMatP=  1 NVecW=  0 NTs=      12
 PCMFMM: FMMI=F FMFlgI=      100000 FMFl1I=           0 NFxFlI=           0
         IHMeth=  1 Matrix=F
         UseFMM=F iWS= 2 IToler=13 Levels=10 Lmax=10 BoxLen=   0.0000
 PCMFMM: FMM=F FMFlag=    10101302 FMFlg1=           0 NFxFlg=    40000000
 ShPair: Thresh= 1.00D-12 NBox=     0 BxSize= 0.00D+00 RnKept= 0.00D+00
         NSMCal=                    3 NSMKep=                   3
 FoFCou: FMM=F IPFlag=           0 FMFlag=    10101302 FMFlg1=           0
         NFxFlg=    40000000 DoJE=F BraDBF=F KetDBF=T FulRan=T
         wScrn=  0.000000 ICntrl=      1100 IOpCl=  0 I1Cent=    10011004 NGrid=          12
         NMat0=    1 NMatS0=      1 NMatT0=    0 NMatD0=    1 NMtDS0=    0 NMtDT0=    0
 Symmetry not used in FoFCou.
 FoFCou:  KetSym=T NOpSet=  1 NOpAb=1 NOp=  1.
 FoFCou:  CnvScl= 1.00D+00 Thresh= 1.00D-12 IAcrcy=      10.
 ShPair: Thresh= 1.00D-12 NBox=     0 BxSize= 0.00D+00 RnKept= 0.00D+00
         NSMCal=                    3 NSMKep=                   3
 FoFCou: LinMIO=T DoNuc=T BraDBF=F KetDBF=T HaveP=T PDBF=F HaveZ=F HaveW=F
         NIJTC =       1 NIJTAt=       1 NIJTCD=       1 NIJTT =       3
         IJTBeg=       1 IJTEnd=       2 KLTBeg=       3 KLTEnd=       3
         IPTBeg=       1 IPTEnd=       1 IPTBCv=       1 IPTECv=       1
         IZTBeg=       1 IZTEnd=       1 IZTBCv=       3 IZTECv=       3
         IWTBeg=       3 IWTEnd=       3 IWTBCv=       3 IWTECv=       3
         INTBeg=       2 INTEnd=       2 IFTBCv=       3 IFTECv=       3
 NCel replicated for PrismC:     1
 CoulSu-InSpLW:  IPartL=    0 NPrtUS=    1 NPrtUL=    1 DoSpLW=F IThBeg=    0 IThEnd=    0 NThAct=    1.
 CoulSu:  IncDef=  1024 NBBP=             48 NTPThr=   100 NPartT=    1 Incr=           1 LDynOK=F GPUOK=F.
 CoulSu:  NPrtUS=   1 ThrOK=F IAlg=1 NPAlg=1 LenDen=           0 LWGrdD=           0 DoCopy=F ISkipM=0
          DoSpLW=F IThBeg=    0 IThEnd=    0.
 CoulSu:  IPart=    0 IPartR=    0 CPU=   -1 GPU=   -1.
 Enter PrismC:  IPart=  0 JobTyp= 6 DoJE=F Cont=F.
 PrismC:  IPart=     0 DynPar=F LinDyn=F Incr=           1 UseFst=F UseS4=F ISplat=2.
 PrismC was handed   104851940 working-precision words and     4 shell-pairs
 IPart=  0 NShTot=          48 NShNF=          48 NShFF=           0 MinMC=    1269
           NShCPU=          48 NBCPU=           4 AvBCPU=        12.0
           NShGPU=           0 NBGPU=           0 AvBGPU=         0.0
 CoulSu-ThDecC:  IPartSL=    0    0 NPrtUSL=    1    1 IThBeg=    0 IThEnd=    0 CPU=   -1 GPU=   -1 NThAct=    1.
 CoulSu:  NxtVal=              2 LenVP=      104851941 MinMC=    1269.
 FoFPCM: IWhat = 3 DoEle= T DoNuc= T Delta=T   Init=T Scale=  1.000000
         MinMlt= 1 MaxMlt= 1 DoP2C= T NMatP=  1 NVecW=  0 NTs=      12
 PCMFMM: FMMI=F FMFlgI=      100000 FMFl1I=           0 NFxFlI=           0
         IHMeth=  1 Matrix=F
         UseFMM=F iWS= 2 IToler=13 Levels=10 Lmax=10 BoxLen=   0.0000
 PCMFMM: FMM=F FMFlag=    10101302 FMFlg1=           0 NFxFlg=    40000000
 ShPair: Thresh= 1.00D-12 NBox=     0 BxSize= 0.00D+00 RnKept= 0.00D+00
         NSMCal=                    3 NSMKep=                   3
 FoFCou: FMM=F IPFlag=           0 FMFlag=    10101302 FMFlg1=           0
         NFxFlg=    40000000 DoJE=F BraDBF=F KetDBF=T FulRan=T
         wScrn=  0.000000 ICntrl=      1100 IOpCl=  0 I1Cent=    10011114 NGrid=          12
         NMat0=    1 NMatS0=      1 NMatT0=    0 NMatD0=    1 NMtDS0=    0 NMtDT0=    0
 Symmetry not used in FoFCou.
 FoFCou:  KetSym=T NOpSet=  1 NOpAb=1 NOp=  1.
 FoFCou:  CnvScl= 1.00D+00 Thresh= 1.00D-12 IAcrcy=      10.
 ShPair: Thresh= 1.00D-12 NBox=     0 BxSize= 0.00D+00 RnKept= 0.00D+00
         NSMCal=                    3 NSMKep=                   3
 FoFCou: LinMIO=T DoNuc=T BraDBF=F KetDBF=T HaveP=T PDBF=F HaveZ=F HaveW=F
         NIJTC =       1 NIJTAt=       1 NIJTCD=       1 NIJTT =       3
         IJTBeg=       1 IJTEnd=       2 KLTBeg=       3 KLTEnd=       3
         IPTBeg=       1 IPTEnd=       1 IPTBCv=       1 IPTECv=       1
         IZTBeg=       1 IZTEnd=       1 IZTBCv=       3 IZTECv=       3
         IWTBeg=       3 IWTEnd=       3 IWTBCv=       3 IWTECv=       3
         INTBeg=       2 INTEnd=       2 IFTBCv=       3 IFTECv=       3
 NCel replicated for PrismC:     1
 CoulSu-InSpLW:  IPartL=    0 NPrtUS=    1 NPrtUL=    1 DoSpLW=F IThBeg=    0 IThEnd=    0 NThAct=    1.
 CoulSu:  IncDef=  1024 NBBP=             48 NTPThr=   100 NPartT=    1 Incr=           1 LDynOK=F GPUOK=F.
 CoulSu:  NPrtUS=   1 ThrOK=F IAlg=1 NPAlg=1 LenDen=           0 LWGrdD=           0 DoCopy=F ISkipM=0
          DoSpLW=F IThBeg=    0 IThEnd=    0.
 CoulSu:  IPart=    0 IPartR=    0 CPU=   -1 GPU=   -1.
 Enter PrismC:  IPart=  0 JobTyp= 6 DoJE=F Cont=F.
 PrismC:  IPart=     0 DynPar=F LinDyn=F Incr=           1 UseFst=F UseS4=F ISplat=2.
 PrismC was handed   104851892 working-precision words and     4 shell-pairs
 IPart=  0 NShTot=          48 NShNF=          48 NShFF=           0 MinMC=    1126
           NShCPU=          48 NBCPU=           4 AvBCPU=        12.0
           NShGPU=           0 NBGPU=           0 AvBGPU=         0.0
 CoulSu-ThDecC:  IPartSL=    0    0 NPrtUSL=    1    1 IThBeg=    0 IThEnd=    0 CPU=   -1 GPU=   -1 NThAct=    1.
 CoulSu:  NxtVal=              2 LenVP=      104851893 MinMC=    1126.
 VMM 
                 1             2             3             4             5 
      1   0.859865D-01 -0.124825D+00 -0.127038D+00 -0.146654D+00  0.264819D-01
                 6             7             8             9            10 
      1   0.235033D+00  0.131979D+00 -0.136706D+00 -0.121711D+00  0.964682D-01
                11            12 
      1   0.917497D-01  0.902993D-01
 EMM          1
                 1             2             3             4             5 
      1   0.125533D-01 -0.150184D-01 -0.141146D-01 -0.285147D-01  0.176296D-02
      2   0.221411D-02  0.170103D-01  0.339917D-02  0.623548D-02  0.258916D-02
      3  -0.634324D-03 -0.129269D-01 -0.219853D-01 -0.115229D-01 -0.313800D-02
                 6             7             8             9            10 
      1  -0.179986D-02 -0.221152D-01  0.299922D-01  0.980761D-02 -0.689054D-02
      2   0.178464D-01 -0.119205D-03  0.162920D-01  0.126541D-01 -0.110719D-01
      3  -0.240600D-01 -0.393559D-02 -0.159391D-01 -0.146263D-01  0.172661D-01
                11            12 
      1   0.154995D-02  0.273037D-02
      2  -0.153707D-01 -0.521340D-02
      3   0.885262D-02  0.157355D-01
 VQM 
                 1             2             3             4             5 
      1   0.000000D+00  0.000000D+00  0.000000D+00  0.000000D+00  0.000000D+00
                 6             7             8             9            10 
      1   0.000000D+00  0.000000D+00  0.000000D+00  0.000000D+00  0.000000D+00
                11            12 
      1   0.000000D+00  0.000000D+00
 EQM 
                 1             2             3             4             5 
      1   0.000000D+00  0.000000D+00  0.000000D+00  0.000000D+00  0.000000D+00
      2   0.000000D+00  0.000000D+00  0.000000D+00  0.000000D+00  0.000000D+00
      3   0.000000D+00  0.000000D+00  0.000000D+00  0.000000D+00  0.000000D+00
                 6             7             8             9            10 
      1   0.000000D+00  0.000000D+00  0.000000D+00  0.000000D+00  0.000000D+00
      2   0.000000D+00  0.000000D+00  0.000000D+00  0.000000D+00  0.000000D+00
      3   0.000000D+00  0.000000D+00  0.000000D+00  0.000000D+00  0.000000D+00
                11            12 
      1   0.000000D+00  0.000000D+00
      2   0.000000D+00  0.000000D+00
      3   0.000000D+00  0.000000D+00
 RHS for polarization          1
                 1             2             3             4             5 
      1   0.125533D-01 -0.150184D-01 -0.141146D-01 -0.285147D-01  0.176296D-02
      2   0.221411D-02  0.170103D-01  0.339917D-02  0.623548D-02  0.258916D-02
      3  -0.634324D-03 -0.129269D-01 -0.219853D-01 -0.115229D-01 -0.313800D-02
                 6             7             8             9            10 
      1  -0.179986D-02 -0.221152D-01  0.299922D-01  0.980761D-02 -0.689054D-02
      2   0.178464D-01 -0.119205D-03  0.162920D-01  0.126541D-01 -0.110719D-01
      3  -0.240600D-01 -0.393559D-02 -0.159391D-01 -0.146263D-01  0.172661D-01
                11            12 
      1   0.154995D-02  0.273037D-02
      2  -0.153707D-01 -0.521340D-02
      3   0.885262D-02  0.157355D-01
 K matrix: 
                 1             2             3             4             5 
      1   0.157662D+00  0.000000D+00  0.000000D+00  0.000000D+00  0.000000D+00
      2   0.000000D+00  0.157662D+00  0.000000D+00  0.000000D+00  0.000000D+00
      3   0.000000D+00  0.000000D+00  0.157662D+00  0.000000D+00  0.000000D+00
      4   0.000000D+00  0.000000D+00  0.000000D+00  0.348262D+00  0.000000D+00
      5   0.000000D+00  0.000000D+00  0.000000D+00  0.000000D+00  0.348262D+00
      6   0.000000D+00  0.000000D+00  0.000000D+00  0.000000D+00  0.000000D+00
      7   0.000000D+00  0.000000D+00  0.000000D+00  0.000000D+00  0.000000D+00
      8   0.000000D+00  0.000000D+00  0.000000D+00  0.000000D+00  0.000000D+00
      9   0.000000D+00  0.000000D+00  0.000000D+00  0.000000D+00  0.000000D+00
     10   0.000000D+00  0.000000D+00  0.000000D+00  0.000000D+00  0.000000D+00
     11   0.000000D+00  0.000000D+00  0.000000D+00  0.000000D+00  0.000000D+00
     12   0.000000D+00  0.000000D+00  0.000000D+00  0.000000D+00  0.000000D+00
     13   0.000000D+00  0.000000D+00  0.000000D+00  0.000000D+00  0.000000D+00
     14   0.000000D+00  0.000000D+00  0.000000D+00  0.000000D+00  0.000000D+00
     15   0.000000D+00  0.000000D+00  0.000000D+00  0.000000D+00  0.000000D+00
     16   0.000000D+00  0.000000D+00  0.000000D+00  0.155266D-02  0.468160D-02
     17   0.000000D+00  0.000000D+00  0.000000D+00  0.468160D-02 -0.187488D-02
     18   0.000000D+00  0.000000D+00  0.000000D+00 -0.383787D-02  0.549184D-02
     19   0.000000D+00  0.000000D+00  0.000000D+00 -0.118843D-01  0.649050D-02
     20   0.000000D+00  0.000000D+00  0.000000D+00  0.649050D-02  0.494323D-02
     21   0.000000D+00  0.000000D+00  0.000000D+00 -0.202166D-02  0.689155D-03
     22  -0.722506D-02  0.587879D-04 -0.223828D-02 -0.472664D-02  0.243967D-02
     23   0.587879D-04  0.383877D-02  0.118928D-04  0.243967D-02  0.215681D-02
     24  -0.223828D-02  0.118928D-04  0.338628D-02 -0.166976D-02  0.531781D-03
     25  -0.736696D-02 -0.568078D-02  0.500038D-02 -0.112078D-01 -0.973077D-04
     26  -0.568078D-02  0.340855D-02  0.214918D-02 -0.973077D-04  0.656393D-02
     27   0.500038D-02  0.214918D-02  0.395841D-02  0.584243D-02  0.319889D-04
     28  -0.335040D-02 -0.187020D-02  0.198833D-02 -0.426020D-02 -0.186492D-03
     29  -0.187020D-02  0.171531D-02  0.654523D-03 -0.186492D-03  0.246202D-02
     30   0.198833D-02  0.654523D-03  0.163508D-02  0.212150D-02  0.588106D-04
     31  -0.241797D-02 -0.718735D-02  0.239728D-02 -0.118444D-01 -0.890172D-02
     32  -0.718735D-02 -0.186424D-02  0.230671D-02 -0.890172D-02  0.470847D-02
     33   0.239728D-02  0.230671D-02  0.428220D-02  0.544472D-02  0.237222D-02
     34  -0.374985D-02 -0.377718D-02  0.983824D-02 -0.544742D-02  0.230992D-02
     35  -0.377718D-02  0.570355D-02  0.344809D-02  0.230992D-02  0.668535D-02
     36   0.983824D-02  0.344809D-02 -0.195370D-02  0.102388D-01 -0.188338D-02
                 6             7             8             9            10 
      1   0.000000D+00  0.000000D+00  0.000000D+00  0.000000D+00  0.000000D+00
      2   0.000000D+00  0.000000D+00  0.000000D+00  0.000000D+00  0.000000D+00
      3   0.000000D+00  0.000000D+00  0.000000D+00  0.000000D+00  0.000000D+00
      4   0.000000D+00  0.000000D+00  0.000000D+00  0.000000D+00  0.000000D+00
      5   0.000000D+00  0.000000D+00  0.000000D+00  0.000000D+00  0.000000D+00
      6   0.348262D+00  0.000000D+00  0.000000D+00  0.000000D+00  0.000000D+00
      7   0.000000D+00  0.348262D+00  0.000000D+00  0.000000D+00  0.000000D+00
      8   0.000000D+00  0.000000D+00  0.348262D+00  0.000000D+00  0.000000D+00
      9   0.000000D+00  0.000000D+00  0.000000D+00  0.348262D+00  0.000000D+00
     10   0.000000D+00  0.000000D+00  0.000000D+00  0.000000D+00  0.348262D+00
     11   0.000000D+00  0.000000D+00  0.000000D+00  0.000000D+00  0.000000D+00
     12   0.000000D+00  0.000000D+00  0.000000D+00  0.000000D+00  0.000000D+00
     13   0.000000D+00  0.000000D+00  0.000000D+00  0.000000D+00  0.000000D+00
     14   0.000000D+00  0.000000D+00  0.000000D+00  0.000000D+00  0.000000D+00
     15   0.000000D+00  0.000000D+00  0.000000D+00  0.000000D+00  0.000000D+00
     16  -0.383787D-02  0.206858D-02  0.139768D-02 -0.603421D-02 -0.112982D-01
     17   0.549184D-02  0.139768D-02  0.453242D-02  0.272498D-02  0.595400D-02
     18   0.322219D-03 -0.603421D-02  0.272498D-02 -0.660101D-02 -0.102200D-01
     19  -0.202166D-02 -0.870387D-02 -0.393318D-02 -0.745379D-02 -0.724067D-02
     20   0.689155D-03 -0.393318D-02  0.565633D-02 -0.190781D-02 -0.205549D-02
     21   0.694110D-02 -0.745379D-02 -0.190781D-02  0.304754D-02  0.125722D-02
     22  -0.166976D-02 -0.384334D-02 -0.829017D-03 -0.334707D-02 -0.402056D-02
     23   0.531781D-03 -0.829017D-03  0.271138D-02 -0.416763D-03 -0.571202D-03
     24   0.256983D-02 -0.334707D-02 -0.416763D-03  0.113196D-02 -0.153342D-03
     25   0.584243D-02 -0.676390D-02 -0.734752D-02 -0.186647D-03 -0.262183D-02
     26   0.319889D-04 -0.734752D-02  0.119512D-02 -0.111174D-03 -0.218281D-02
     27   0.464383D-02 -0.186647D-03 -0.111174D-03  0.556878D-02  0.221865D-02
     28   0.212150D-02 -0.353697D-02 -0.264442D-02  0.418867D-03 -0.150376D-02
     29   0.588106D-04 -0.264442D-02  0.119188D-02  0.187366D-03 -0.951400D-03
     30   0.179817D-02  0.418867D-03  0.187366D-03  0.234509D-02  0.108916D-02
     31   0.544472D-02 -0.109616D-02 -0.583727D-02 -0.714981D-03 -0.130883D-02
     32   0.237222D-02 -0.583727D-02 -0.276771D-02 -0.824643D-03 -0.286372D-02
     33   0.713591D-02 -0.714981D-03 -0.824643D-03  0.386386D-02  0.144754D-02
     34   0.102388D-01 -0.106995D-01 -0.119280D-01  0.848957D-02 -0.160264D-02
     35  -0.188338D-02 -0.119280D-01  0.368795D-02  0.479398D-02 -0.164958D-02
     36  -0.123793D-02  0.848957D-02  0.479398D-02  0.701158D-02  0.354689D-02
                11            12            13            14            15 
      1   0.000000D+00  0.000000D+00  0.000000D+00  0.000000D+00  0.000000D+00
      2   0.000000D+00  0.000000D+00  0.000000D+00  0.000000D+00  0.000000D+00
      3   0.000000D+00  0.000000D+00  0.000000D+00  0.000000D+00  0.000000D+00
      4   0.000000D+00  0.000000D+00  0.000000D+00  0.000000D+00  0.000000D+00
      5   0.000000D+00  0.000000D+00  0.000000D+00  0.000000D+00  0.000000D+00
      6   0.000000D+00  0.000000D+00  0.000000D+00  0.000000D+00  0.000000D+00
      7   0.000000D+00  0.000000D+00  0.000000D+00  0.000000D+00  0.000000D+00
      8   0.000000D+00  0.000000D+00  0.000000D+00  0.000000D+00  0.000000D+00
      9   0.000000D+00  0.000000D+00  0.000000D+00  0.000000D+00  0.000000D+00
     10   0.000000D+00  0.000000D+00  0.000000D+00  0.000000D+00  0.000000D+00
     11   0.348262D+00  0.000000D+00  0.000000D+00  0.000000D+00  0.000000D+00
     12   0.000000D+00  0.348262D+00  0.000000D+00  0.000000D+00  0.000000D+00
     13   0.000000D+00  0.000000D+00  0.114384D+00  0.000000D+00  0.000000D+00
     14   0.000000D+00  0.000000D+00  0.000000D+00  0.114384D+00  0.000000D+00
     15   0.000000D+00  0.000000D+00  0.000000D+00  0.000000D+00  0.114384D+00
     16   0.595400D-02 -0.102200D-01  0.000000D+00  0.000000D+00  0.000000D+00
     17   0.734192D-02  0.298582D-02  0.000000D+00  0.000000D+00  0.000000D+00
     18   0.298582D-02  0.395627D-02  0.000000D+00  0.000000D+00  0.000000D+00
     19  -0.205549D-02  0.125722D-02  0.000000D+00  0.000000D+00  0.000000D+00
     20   0.350145D-02  0.232350D-03  0.000000D+00  0.000000D+00  0.000000D+00
     21   0.232350D-03  0.373922D-02  0.000000D+00  0.000000D+00  0.000000D+00
     22  -0.571202D-03 -0.153342D-03  0.000000D+00  0.000000D+00  0.000000D+00
     23   0.198530D-02 -0.144544D-04  0.000000D+00  0.000000D+00  0.000000D+00
     24  -0.144544D-04  0.203526D-02  0.000000D+00  0.000000D+00  0.000000D+00
     25  -0.218281D-02  0.221865D-02  0.000000D+00  0.000000D+00  0.000000D+00
     26   0.132695D-02  0.984793D-03  0.000000D+00  0.000000D+00  0.000000D+00
     27   0.984793D-03  0.129488D-02  0.000000D+00  0.000000D+00  0.000000D+00
     28  -0.951400D-03  0.108916D-02 -0.150391D-02 -0.355523D-02  0.459799D-02
     29   0.804916D-03  0.390995D-03 -0.355523D-02  0.154067D-02  0.303298D-02
     30   0.390995D-03  0.698849D-03  0.459799D-02  0.303298D-02 -0.367573D-04
     31  -0.286372D-02  0.144754D-02  0.445307D-02 -0.440074D-02  0.253642D-02
     32  -0.229465D-03  0.120023D-02 -0.440074D-02 -0.635927D-02  0.713367D-02
     33   0.120023D-02  0.153830D-02  0.253642D-02  0.713367D-02  0.190620D-02
     34  -0.164958D-02  0.354689D-02  0.572143D-02 -0.182509D-02  0.447701D-02
     35   0.197008D-02  0.138717D-02 -0.182509D-02  0.413011D-02  0.683573D-02
     36   0.138717D-02 -0.367431D-03  0.447701D-02  0.683573D-02 -0.985154D-02
                16            17            18            19            20 
      1   0.000000D+00  0.000000D+00  0.000000D+00  0.000000D+00  0.000000D+00
      2   0.000000D+00  0.000000D+00  0.000000D+00  0.000000D+00  0.000000D+00
      3   0.000000D+00  0.000000D+00  0.000000D+00  0.000000D+00  0.000000D+00
      4   0.155266D-02  0.468160D-02 -0.383787D-02 -0.118843D-01  0.649050D-02
      5   0.468160D-02 -0.187488D-02  0.549184D-02  0.649050D-02  0.494323D-02
      6  -0.383787D-02  0.549184D-02  0.322219D-03 -0.202166D-02  0.689155D-03
      7   0.206858D-02  0.139768D-02 -0.603421D-02 -0.870387D-02 -0.393318D-02
      8   0.139768D-02  0.453242D-02  0.272498D-02 -0.393318D-02  0.565633D-02
      9  -0.603421D-02  0.272498D-02 -0.660101D-02 -0.745379D-02 -0.190781D-02
     10  -0.112982D-01  0.595400D-02 -0.102200D-01 -0.724067D-02 -0.205549D-02
     11   0.595400D-02  0.734192D-02  0.298582D-02 -0.205549D-02  0.350145D-02
     12  -0.102200D-01  0.298582D-02  0.395627D-02  0.125722D-02  0.232350D-03
     13   0.000000D+00  0.000000D+00  0.000000D+00  0.000000D+00  0.000000D+00
     14   0.000000D+00  0.000000D+00  0.000000D+00  0.000000D+00  0.000000D+00
     15   0.000000D+00  0.000000D+00  0.000000D+00  0.000000D+00  0.000000D+00
     16   0.244972D+00  0.000000D+00  0.000000D+00  0.000000D+00  0.000000D+00
     17   0.000000D+00  0.244972D+00  0.000000D+00  0.000000D+00  0.000000D+00
     18   0.000000D+00  0.000000D+00  0.244972D+00  0.000000D+00  0.000000D+00
     19   0.000000D+00  0.000000D+00  0.000000D+00  0.154311D+00  0.000000D+00
     20   0.000000D+00  0.000000D+00  0.000000D+00  0.000000D+00  0.154311D+00
     21   0.000000D+00  0.000000D+00  0.000000D+00  0.000000D+00  0.000000D+00
     22  -0.987386D-02 -0.106552D-01  0.102692D-01  0.000000D+00  0.000000D+00
     23  -0.106552D-01  0.473725D-02  0.541027D-02  0.000000D+00  0.000000D+00
     24   0.102692D-01  0.541027D-02  0.513661D-02  0.000000D+00  0.000000D+00
     25   0.212713D-02 -0.189130D-02  0.231789D-02  0.000000D+00  0.000000D+00
     26  -0.189130D-02 -0.211907D-03  0.415856D-02  0.000000D+00  0.000000D+00
     27   0.231789D-02  0.415856D-02 -0.191523D-02  0.000000D+00  0.000000D+00
     28   0.345102D-03 -0.149816D-02  0.196077D-02  0.000000D+00  0.000000D+00
     29  -0.149816D-02  0.359017D-03  0.195169D-02  0.000000D+00  0.000000D+00
     30   0.196077D-02  0.195169D-02 -0.704119D-03  0.000000D+00  0.000000D+00
     31   0.202065D-02 -0.109691D-02  0.826168D-03  0.000000D+00  0.000000D+00
     32  -0.109691D-02 -0.192571D-02  0.318650D-02  0.000000D+00  0.000000D+00
     33   0.826168D-03  0.318650D-02 -0.949454D-04  0.000000D+00  0.000000D+00
     34   0.225605D-02 -0.513700D-03  0.102259D-02  0.000000D+00  0.000000D+00
     35  -0.513700D-03  0.100181D-02  0.286211D-02  0.000000D+00  0.000000D+00
     36   0.102259D-02  0.286211D-02 -0.325786D-02  0.000000D+00  0.000000D+00
                21            22            23            24            25 
      1   0.000000D+00 -0.722506D-02  0.587879D-04 -0.223828D-02 -0.736696D-02
      2   0.000000D+00  0.587879D-04  0.383877D-02  0.118928D-04 -0.568078D-02
      3   0.000000D+00 -0.223828D-02  0.118928D-04  0.338628D-02  0.500038D-02
      4  -0.202166D-02 -0.472664D-02  0.243967D-02 -0.166976D-02 -0.112078D-01
      5   0.689155D-03  0.243967D-02  0.215681D-02  0.531781D-03 -0.973077D-04
      6   0.694110D-02 -0.166976D-02  0.531781D-03  0.256983D-02  0.584243D-02
      7  -0.745379D-02 -0.384334D-02 -0.829017D-03 -0.334707D-02 -0.676390D-02
      8  -0.190781D-02 -0.829017D-03  0.271138D-02 -0.416763D-03 -0.734752D-02
      9   0.304754D-02 -0.334707D-02 -0.416763D-03  0.113196D-02 -0.186647D-03
     10   0.125722D-02 -0.402056D-02 -0.571202D-03 -0.153342D-03 -0.262183D-02
     11   0.232350D-03 -0.571202D-03  0.198530D-02 -0.144544D-04 -0.218281D-02
     12   0.373922D-02 -0.153342D-03 -0.144544D-04  0.203526D-02  0.221865D-02
     13   0.000000D+00  0.000000D+00  0.000000D+00  0.000000D+00  0.000000D+00
     14   0.000000D+00  0.000000D+00  0.000000D+00  0.000000D+00  0.000000D+00
     15   0.000000D+00  0.000000D+00  0.000000D+00  0.000000D+00  0.000000D+00
     16   0.000000D+00 -0.987386D-02 -0.106552D-01  0.102692D-01  0.212713D-02
     17   0.000000D+00 -0.106552D-01  0.473725D-02  0.541027D-02 -0.189130D-02
     18   0.000000D+00  0.102692D-01  0.541027D-02  0.513661D-02  0.231789D-02
     19   0.000000D+00  0.000000D+00  0.000000D+00  0.000000D+00  0.000000D+00
     20   0.000000D+00  0.000000D+00  0.000000D+00  0.000000D+00  0.000000D+00
     21   0.154311D+00  0.000000D+00  0.000000D+00  0.000000D+00  0.000000D+00
     22   0.000000D+00  0.348262D+00  0.000000D+00  0.000000D+00  0.000000D+00
     23   0.000000D+00  0.000000D+00  0.348262D+00  0.000000D+00  0.000000D+00
     24   0.000000D+00  0.000000D+00  0.000000D+00  0.348262D+00  0.000000D+00
     25   0.000000D+00  0.000000D+00  0.000000D+00  0.000000D+00  0.157662D+00
     26   0.000000D+00  0.000000D+00  0.000000D+00  0.000000D+00  0.000000D+00
     27   0.000000D+00  0.000000D+00  0.000000D+00  0.000000D+00  0.000000D+00
     28   0.000000D+00  0.117568D-01 -0.241451D-02  0.387571D-02  0.000000D+00
     29   0.000000D+00 -0.241451D-02  0.214773D-02  0.163433D-01  0.000000D+00
     30   0.000000D+00  0.387571D-02  0.163433D-01 -0.139045D-01  0.000000D+00
     31   0.000000D+00  0.339963D-02  0.674351D-02 -0.438119D-02  0.000000D+00
     32   0.000000D+00  0.674351D-02 -0.526841D-02  0.802378D-02  0.000000D+00
     33   0.000000D+00 -0.438119D-02  0.802378D-02  0.186878D-02  0.000000D+00
     34   0.000000D+00  0.220090D-02  0.205790D-02 -0.716974D-02  0.000000D+00
     35   0.000000D+00  0.205790D-02  0.498437D-02  0.380660D-02  0.000000D+00
     36   0.000000D+00 -0.716974D-02  0.380660D-02 -0.718527D-02  0.000000D+00
                26            27            28            29            30 
      1  -0.568078D-02  0.500038D-02 -0.335040D-02 -0.187020D-02  0.198833D-02
      2   0.340855D-02  0.214918D-02 -0.187020D-02  0.171531D-02  0.654523D-03
      3   0.214918D-02  0.395841D-02  0.198833D-02  0.654523D-03  0.163508D-02
      4  -0.973077D-04  0.584243D-02 -0.426020D-02 -0.186492D-03  0.212150D-02
      5   0.656393D-02  0.319889D-04 -0.186492D-03  0.246202D-02  0.588106D-04
      6   0.319889D-04  0.464383D-02  0.212150D-02  0.588106D-04  0.179817D-02
      7  -0.734752D-02 -0.186647D-03 -0.353697D-02 -0.264442D-02  0.418867D-03
      8   0.119512D-02 -0.111174D-03 -0.264442D-02  0.119188D-02  0.187366D-03
      9  -0.111174D-03  0.556878D-02  0.418867D-03  0.187366D-03  0.234509D-02
     10  -0.218281D-02  0.221865D-02 -0.150376D-02 -0.951400D-03  0.108916D-02
     11   0.132695D-02  0.984793D-03 -0.951400D-03  0.804916D-03  0.390995D-03
     12   0.984793D-03  0.129488D-02  0.108916D-02  0.390995D-03  0.698849D-03
     13   0.000000D+00  0.000000D+00 -0.150391D-02 -0.355523D-02  0.459799D-02
     14   0.000000D+00  0.000000D+00 -0.355523D-02  0.154067D-02  0.303298D-02
     15   0.000000D+00  0.000000D+00  0.459799D-02  0.303298D-02 -0.367573D-04
     16  -0.189130D-02  0.231789D-02  0.345102D-03 -0.149816D-02  0.196077D-02
