 Entering Gaussian System, Link 0=g16
 Initial command:
 /software/gaussian/g16A03m/g16/l1.exe "/home/slamav/GAUSS_SCR/Gau-137888.inp" -scrdir="/home/slamav/GAUSS_SCR/" -exedir="/home/slamav/test_mmpol/amoeba/l1:/home/slamav/test_mmpol/amoeba/exe-dir:/software/gaussian/g16A03m/g16/bsd:/software/gaussian/g16A03m/g16"
 Entering Link 1 = /software/gaussian/g16A03m/g16/l1.exe PID=    137889.
  
 Copyright (c) 1988,1990,1992,1993,1995,1998,2003,2009,2016,
            Gaussian, Inc.  All Rights Reserved.
  
 This is part of the Gaussian(R) 16 program.  It is based on
 the Gaussian(R) 09 system (copyright 2009, Gaussian, Inc.),
 the Gaussian(R) 03 system (copyright 2003, Gaussian, Inc.),
 the Gaussian(R) 98 system (copyright 1998, Gaussian, Inc.),
 the Gaussian(R) 94 system (copyright 1995, Gaussian, Inc.),
 the Gaussian 92(TM) system (copyright 1992, Gaussian, Inc.),
 the Gaussian 90(TM) system (copyright 1990, Gaussian, Inc.),
 the Gaussian 88(TM) system (copyright 1988, Gaussian, Inc.),
 the Gaussian 86(TM) system (copyright 1986, Carnegie Mellon
 University), and the Gaussian 82(TM) system (copyright 1983,
 Carnegie Mellon University). Gaussian is a federally registered
 trademark of Gaussian, Inc.
  
 This software contains proprietary and confidential information,
 including trade secrets, belonging to Gaussian, Inc.
  
 This software is provided under written license and may be
 used, copied, transmitted, or stored only in accord with that
 written license.
  
 The following legend is applicable only to US Government
 contracts under FAR:
  
                    RESTRICTED RIGHTS LEGEND
  
 Use, reproduction and disclosure by the US Government is
 subject to restrictions as set forth in subparagraphs (a)
 and (c) of the Commercial Computer Software - Restricted
 Rights clause in FAR 52.227-19.
  
 Gaussian, Inc.
 340 Quinnipiac St., Bldg. 40, Wallingford CT 06492
  
  
 ---------------------------------------------------------------
 Warning -- This program may not be used in any manner that
 competes with the business of Gaussian, Inc. or will provide
 assistance to any competitor of Gaussian, Inc.  The licensee
 of this program is prohibited from giving any competitor of
 Gaussian, Inc. access to this program.  By using this program,
 the user acknowledges that Gaussian, Inc. is engaged in the
 business of creating and licensing software in the field of
 computational chemistry and represents and warrants to the
 licensee that it is not a competitor of Gaussian, Inc. and that
 it will not use this program in any manner prohibited above.
 ---------------------------------------------------------------
  

 Cite this work as:
 Gaussian 16, Revision A.03,
 M. J. Frisch, G. W. Trucks, H. B. Schlegel, G. E. Scuseria, 
 M. A. Robb, J. R. Cheeseman, G. Scalmani, V. Barone, 
 G. A. Petersson, H. Nakatsuji, X. Li, M. Caricato, A. V. Marenich, 
 J. Bloino, B. G. Janesko, R. Gomperts, B. Mennucci, H. P. Hratchian, 
 J. V. Ortiz, A. F. Izmaylov, J. L. Sonnenberg, D. Williams-Young, 
 F. Ding, F. Lipparini, F. Egidi, J. Goings, B. Peng, A. Petrone, 
 T. Henderson, D. Ranasinghe, V. G. Zakrzewski, J. Gao, N. Rega, 
 G. Zheng, W. Liang, M. Hada, M. Ehara, K. Toyota, R. Fukuda, 
 J. Hasegawa, M. Ishida, T. Nakajima, Y. Honda, O. Kitao, H. Nakai, 
 T. Vreven, K. Throssell, J. A. Montgomery, Jr., J. E. Peralta, 
 F. Ogliaro, M. J. Bearpark, J. J. Heyd, E. N. Brothers, K. N. Kudin, 
 V. N. Staroverov, T. A. Keith, R. Kobayashi, J. Normand, 
 K. Raghavachari, A. P. Rendell, J. C. Burant, S. S. Iyengar, 
 J. Tomasi, M. Cossi, J. M. Millam, M. Klene, C. Adamo, R. Cammi, 
 J. W. Ochterski, R. L. Martin, K. Morokuma, O. Farkas, 
 J. B. Foresman, and D. J. Fox, Gaussian, Inc., Wallingford CT, 2016.
 
 ******************************************
 Gaussian 16:  ES64L-G16RevA.03 25-Dec-2016
                14-Apr-2021 
 ******************************************
 -------------------------------------------------------
 #p #p b3lyp/3-21G nosymm mmpol force int(grid=finegrid)
 -------------------------------------------------------
 1/10=7,30=1,38=1/1,3;
 2/12=2,15=1,17=6,18=5,40=1/2;
 3/5=5,11=2,25=1,30=1,71=1,74=-5,75=-4,180=1/1,2,3;
 4//1;
 5/5=2,38=5/2;
 6/7=2,8=2,9=2,10=2,28=1/1;
 7/29=1,30=1/1,2,3,16;
 1/10=7,30=1/3;
 99//99;
 Leave Link    1 at Wed Apr 14 15:07:35 2021, MaxMem=           0 cpu:               0.0 elap:               0.0
 (Enter /software/gaussian/g16A03m/g16/l101.exe)
 -----------
 test amoeba
 -----------
 Symbolic Z-matrix:
 Charge =  0 Multiplicity = 1
 He                    10000.    10000.    10000. 
 
 ITRead=  0
 MicOpt= -1
 NAtoms=      1 NQM=        1 NQMF=       0 NMMI=      0 NMMIF=      0
                NMic=       0 NMicF=      0.
                    Isotopes and Nuclear Properties:
 (Nuclear quadrupole moments (NQMom) in fm**2, nuclear magnetic moments (NMagM)
  in nuclear magnetons)

  Atom         1
 IAtWgt=           4
 AtmWgt=   4.0026032
 NucSpn=           0
 AtZEff=   0.0000000
 NQMom=    0.0000000
 NMagM=    0.0000000
 AtZNuc=   2.0000000
 Leave Link  101 at Wed Apr 14 15:07:36 2021, MaxMem=   104857600 cpu:               0.1 elap:               0.1
 (Enter /software/gaussian/g16A03m/g16/l103.exe)

 GradGradGradGradGradGradGradGradGradGradGradGradGradGradGradGradGradGrad
 Berny optimization.
 Initialization pass.
 Trust Radius=3.00D-01 FncErr=1.00D-07 GrdErr=1.00D-07 EigMax=2.50D+02 EigMin=1.00D-04
 Number of steps in this run=      2 maximum allowed number of steps=      2.
 GradGradGradGradGradGradGradGradGradGradGradGradGradGradGradGradGradGrad

 Leave Link  103 at Wed Apr 14 15:07:36 2021, MaxMem=   104857600 cpu:               0.0 elap:               0.1
 (Enter /software/gaussian/g16A03m/g16/l202.exe)
                          Input orientation:                          
 ---------------------------------------------------------------------
 Center     Atomic      Atomic             Coordinates (Angstroms)
 Number     Number       Type             X           Y           Z
 ---------------------------------------------------------------------
      1          2           0    10000.00000010000.00000010000.000000
 ---------------------------------------------------------------------
 Symmetry turned off by external request.
 Stoichiometry    He
 Framework group  OH[O(He)]
 Deg. of freedom     0
 Full point group                 OH      NOp  48
 Leave Link  202 at Wed Apr 14 15:07:36 2021, MaxMem=   104857600 cpu:               0.0 elap:               0.1
 (Enter /software/gaussian/g16A03m/g16/l301.exe)
 NAtMM, NumPol:                       12                       12
    2889    2921    2945    2981    2993    3005    3125    3245    3257    3293
    3305    3317    3329    3425    3437    3725    3737    4601    4613    7205
    7217    7229    7229   13085   13085   13085   13086   13086   13086   13086
   13086   13086   13086   13086   13086   13086   13206   13278   13350   14646
   14646   14645
 MMPol Atoms:
   AN             X           Y           Z   Frag
    6        3.9420     -4.3772      0.1952      2
    1        4.1993     -6.4194      0.3494      2
    1        3.9716     -3.5608      2.0906      2
    1        5.5310     -3.6041     -0.8725      2
    6        1.4689     -3.7621     -1.1153      2
    8        1.3855     -2.3930     -2.9514      2
    7       -0.6879     -4.7534     -0.1695      2
    1       -2.3176     -4.3439     -1.0711      2
    6       -0.8742     -6.4472      2.0173      2
    1       -2.8561     -6.6150      2.5744      2
    1       -0.1497     -8.3142      1.5084      2
    1        0.2092     -5.6854      3.6028      2
 List of MM Atoms endowed of a Polarizability :
     #    Atom             X           Y           Z
     1       1        3.9420     -4.3772      0.1952      9.0023
     2       2        4.1993     -6.4194      0.3494      3.3472
     3       3        3.9716     -3.5608      2.0906      3.3472
     4       4        5.5310     -3.6041     -0.8725      3.3472
     5       5        1.4689     -3.7621     -1.1153      9.0023
     6       6        1.3855     -2.3930     -2.9514      5.6484
     7       7       -0.6879     -4.7534     -0.1695      7.2410
     8       8       -2.3176     -4.3439     -1.0711      3.3472
     9       9       -0.8742     -6.4472      2.0173      9.0023
    10      10       -2.8561     -6.6150      2.5744      3.3472
    11      11       -0.1497     -8.3142      1.5084      3.3472
    12      12        0.2092     -5.6854      3.6028      3.3472
 I12:          1
 I12:=       2       3       4       5
 I13:          1
 I13:=       6       7
 I14:          1
 I14:=       8       9
 I15:          1
 I15:=      10      11      12
 IP11:          1
 IP11:=       1       2       3       4
 IP12:          1
 IP12:=       5       6       7       8
 IP13:          1
 IP13:=       9      10      11      12
 IP14:          1
 I12:          2
 I12:=       1
 I13:          2
 I13:=       3       4       5
 I14:          2
 I14:=       6       7
 I15:          2
 I15:=       8       9
 IP11:          2
 IP11:=       1       2       3       4
 IP12:          2
 IP12:=       5       6       7       8
 IP13:          2
 IP13:=       9      10      11      12
 IP14:          2
 I12:          3
 I12:=       1
 I13:          3
 I13:=       2       4       5
 I14:          3
 I14:=       6       7
 I15:          3
 I15:=       8       9
 IP11:          3
 IP11:=       1       2       3       4
 IP12:          3
 IP12:=       5       6       7       8
 IP13:          3
 IP13:=       9      10      11      12
 IP14:          3
 I12:          4
 I12:=       1
 I13:          4
 I13:=       2       3       5
 I14:          4
 I14:=       6       7
 I15:          4
 I15:=       8       9
 IP11:          4
 IP11:=       1       2       3       4
 IP12:          4
 IP12:=       5       6       7       8
 IP13:          4
 IP13:=       9      10      11      12
 IP14:          4
 I12:          5
 I12:=       1       6       7
 I13:          5
 I13:=       2       3       4       8       9
 I14:          5
 I14:=      10      11      12
 I15:          5
 IP11:          5
 IP11:=       5       6       7       8
 IP12:          5
 IP12:=       1       2       3       4       9      10      11      12
 IP13:          5
 IP14:          5
 I12:          6
 I12:=       5
 I13:          6
 I13:=       1       7
 I14:          6
 I14:=       2       3       4       8       9
 I15:          6
 I15:=      10      11      12
 IP11:          6
 IP11:=       5       6       7       8
 IP12:          6
 IP12:=       1       2       3       4       9      10      11      12
 IP13:          6
 IP14:          6
 I12:          7
 I12:=       5       8       9
 I13:          7
 I13:=       1       6      10      11      12
 I14:          7
 I14:=       2       3       4
 I15:          7
 IP11:          7
 IP11:=       5       6       7       8
 IP12:          7
 IP12:=       1       2       3       4       9      10      11      12
 IP13:          7
 IP14:          7
 I12:          8
 I12:=       7
 I13:          8
 I13:=       5       9
 I14:          8
 I14:=       1       6      10      11      12
 I15:          8
 I15:=       2       3       4
 IP11:          8
 IP11:=       5       6       7       8
 IP12:          8
 IP12:=       1       2       3       4       9      10      11      12
 IP13:          8
 IP14:          8
 I12:          9
 I12:=       7      10      11      12
 I13:          9
 I13:=       5       8
 I14:          9
 I14:=       1       6
 I15:          9
 I15:=       2       3       4
 IP11:          9
 IP11:=       9      10      11      12
 IP12:          9
 IP12:=       5       6       7       8
 IP13:          9
 IP13:=       1       2       3       4
 IP14:          9
 I12:         10
 I12:=       9
 I13:         10
 I13:=       7      11      12
 I14:         10
 I14:=       5       8
 I15:         10
 I15:=       1       6
 IP11:         10
 IP11:=       9      10      11      12
 IP12:         10
 IP12:=       5       6       7       8
 IP13:         10
 IP13:=       1       2       3       4
 IP14:         10
 I12:         11
 I12:=       9
 I13:         11
 I13:=       7      10      12
 I14:         11
 I14:=       5       8
 I15:         11
 I15:=       1       6
 IP11:         11
 IP11:=       9      10      11      12
 IP12:         11
 IP12:=       5       6       7       8
 IP13:         11
 IP13:=       1       2       3       4
 IP14:         11
 I12:         12
 I12:=       9
 I13:         12
 I13:=       7      10      11
 I14:         12
 I14:=       5       8
 I15:         12
 I15:=       1       6
 IP11:         12
 IP11:=       9      10      11      12
 IP12:         12
 IP12:=       5       6       7       8
 IP13:         12
 IP13:=       1       2       3       4
 IP14:         12
 Thole 
                 1 
      1   0.144231D+01
      2   0.122306D+01
      3   0.122306D+01
      4   0.122306D+01
      5   0.144231D+01
      6   0.133451D+01
      7   0.139091D+01
      8   0.122306D+01
      9   0.144231D+01
     10   0.122306D+01
     11   0.122306D+01
     12   0.122306D+01
 Standard basis: 3-21G (6D, 7F)
 Ernie: Thresh=  0.10000D-02 Tol=  0.10000D-05 Strict=F.
     2 basis functions,     3 primitive gaussians,     2 cartesian basis functions
     1 alpha electrons        1 beta electrons
       nuclear repulsion energy         0.0000000000 Hartrees.
 IExCor=  402 DFT=T Ex+Corr=B3LYP ExCW=0 ScaHFX=  0.200000
 ScaDFX=  0.800000  0.720000  1.000000  0.810000 ScalE2=  1.000000  1.000000
 IRadAn=      4 IRanWt=     -1 IRanGd=            0 ICorTp=0 IEmpDi=  4
 NAtoms=    1 NActive=    1 NUniq=    1 SFac= 1.00D+00 NAtFMM=   60 NAOKFM=F Big=F
 Integral buffers will be    131072 words long.
 Raffenetti 2 integral format.
 Two-electron integral symmetry is turned off.
 Leave Link  301 at Wed Apr 14 15:07:36 2021, MaxMem=   104857600 cpu:               0.1 elap:               0.1
 (Enter /software/gaussian/g16A03m/g16/l302.exe)
 NPDir=0 NMtPBC=     1 NCelOv=     1 NCel=       1 NClECP=     1 NCelD=      1
         NCelK=      1 NCelE2=     1 NClLst=     1 CellRange=     0.0.
 One-electron integrals computed using PRISM.
 NBasis=     2 RedAO= T EigKep=  4.05D-01  NBF=     2
 NBsUse=     2 1.00D-06 EigRej= -1.00D+00 NBFU=     2
 Precomputing XC quadrature grid using
 IXCGrd= 4 IRadAn=           4 IRanWt=          -1 IRanGd=           0 AccXCQ= 0.00D+00.
 Generated NRdTot=       0 NPtTot=           0 NUsed=           0 NTot=          32
 NSgBfM=     2     2     2     2     2 MxSgAt=     1 MxSgA2=     1.
 Leave Link  302 at Wed Apr 14 15:07:36 2021, MaxMem=   104857600 cpu:               0.1 elap:               0.1
 (Enter /software/gaussian/g16A03m/g16/l303.exe)
 DipDrv:  MaxL=1.
 Leave Link  303 at Wed Apr 14 15:07:36 2021, MaxMem=   104857600 cpu:               0.0 elap:               0.1
 (Enter /software/gaussian/g16A03m/g16/l401.exe)
 ExpMin= 3.83D-01 ExpMax= 1.36D+01 ExpMxC= 1.36D+01 IAcc=2 IRadAn=         4 AccDes= 0.00D+00
 Harris functional with IExCor=  402 and IRadAn=       4 diagonalized for initial guess.
 HarFok:  IExCor=  402 AccDes= 0.00D+00 IRadAn=         4 IDoV= 1 UseB2=F ITyADJ=14
 ICtDFT=  3500011 ScaDFX=  1.000000  1.000000  1.000000  1.000000
 FoFCou: FMM=F IPFlag=           0 FMFlag=      100000 FMFlg1=           0
         NFxFlg=           0 DoJE=T BraDBF=F KetDBF=T FulRan=T
         wScrn=  0.000000 ICntrl=       500 IOpCl=  0 I1Cent=   200000004 NGrid=           0
         NMat0=    1 NMatS0=      1 NMatT0=    0 NMatD0=    1 NMtDS0=    0 NMtDT0=    0
 Symmetry not used in FoFCou.
 Harris En= -2.87642230713302    
 JPrj=0 DoOrth=F DoCkMO=F.
 Leave Link  401 at Wed Apr 14 15:07:36 2021, MaxMem=   104857600 cpu:               0.1 elap:               0.1
 (Enter /software/gaussian/g16A03m/g16/l502.exe)
 Keep R1 ints in memory in canonical form, NReq=838787.
 FoFCou: FMM=F IPFlag=           0 FMFlag=           0 FMFlg1=           0
         NFxFlg=           0 DoJE=F BraDBF=F KetDBF=F FulRan=T
         wScrn=  0.000000 ICntrl=       600 IOpCl=  0 I1Cent=           0 NGrid=           0
         NMat0=    1 NMatS0=      3 NMatT0=    0 NMatD0=    1 NMtDS0=    0 NMtDT0=    0
 Symmetry not used in FoFCou.
 Two-electron integral symmetry not used.
 Closed shell SCF:
 Using DIIS extrapolation, IDIIS=  1040.
 NGot=   104857600 LenX=   104844562 LenY=   104843680
 Requested convergence on RMS density matrix=1.00D-08 within 128 cycles.
 Requested convergence on MAX density matrix=1.00D-06.
 Requested convergence on             energy=1.00D-06.
 No special actions if energy rises.
 Integral accuracy reduced to 1.0D-05 until final iterations.

 Cycle   1  Pass 0  IDiag  1:
       1      33      57      93     105     117     237     357     369     405
     417     429     441     537     549     837     849    1713    1725    4317
    4329    4341    4341   10197   10197   10197   10198   10198   10198   10198
   10198   10198   10198   10198   10198   10198   10318   10390   10462   11758
   11758   11757
       1      33      57      93     105     117     237     357     369     405
     417     429     441     537     549     837     849    1713    1725    4317
    4329    4341    4341   10197   10197   10197   10198   10198   10198   10198
   10198   10198   10198   10198   10198   10198   10318   10390   10462   11758
   11758   11757
 ============================================================
               QM/MM Polarizable Model (MMPol)
 ============================================================
   Force field type:          AMOEBA
   Solution method:           Matrix Inversion  (In Core   )
   # MM Atoms:                       12
     of which polarizable:           12
 ============================================================
 
 FoFPCM: IWhat = 3 DoEle= T DoNuc= T Delta=T   Init=T Scale=  1.000000
         MinMlt= 0 MaxMlt= 2 DoP2C= T NMatP=  1 NVecW=  0 NTs=      12
 PCMFMM: FMMI=F FMFlgI=      100000 FMFl1I=           0 NFxFlI=           0
         IHMeth=  1 Matrix=F
         UseFMM=F iWS= 2 IToler=13 Levels=10 Lmax=10 BoxLen=   0.0000
 PCMFMM: FMM=F FMFlag=    10101302 FMFlg1=           0 NFxFlg=    40000000
 ShPair: Thresh= 1.00D-12 NBox=     0 BxSize= 0.00D+00 RnKept= 0.00D+00
         NSMCal=                    3 NSMKep=                   3
 FoFCou: FMM=F IPFlag=           0 FMFlag=    10101302 FMFlg1=           0
         NFxFlg=    40000000 DoJE=F BraDBF=F KetDBF=T FulRan=T
         wScrn=  0.000000 ICntrl=      1100 IOpCl=  0 I1Cent=    10011024 NGrid=          12
         NMat0=    1 NMatS0=      1 NMatT0=    0 NMatD0=    1 NMtDS0=    0 NMtDT0=    0
 Symmetry not used in FoFCou.
 FoFCou:  KetSym=T NOpSet=  1 NOpAb=1 NOp=  1.
 FoFCou:  CnvScl= 1.00D+00 Thresh= 1.00D-12 IAcrcy=      10.
 ShPair: Thresh= 1.00D-12 NBox=     0 BxSize= 0.00D+00 RnKept= 0.00D+00
         NSMCal=                    3 NSMKep=                   3
 FoFCou: LinMIO=T DoNuc=T BraDBF=F KetDBF=T HaveP=T PDBF=F HaveZ=F HaveW=F
         NIJTC =       1 NIJTAt=       1 NIJTCD=       1 NIJTT =       3
         IJTBeg=       1 IJTEnd=       2 KLTBeg=       3 KLTEnd=       3
         IPTBeg=       1 IPTEnd=       1 IPTBCv=       1 IPTECv=       1
         IZTBeg=       1 IZTEnd=       1 IZTBCv=       3 IZTECv=       3
         IWTBeg=       3 IWTEnd=       3 IWTBCv=       3 IWTECv=       3
         INTBeg=       2 INTEnd=       2 IFTBCv=       3 IFTECv=       3
 NCel replicated for PrismC:     1
 CoulSu-InSpLW:  IPartL=    0 NPrtUS=    1 NPrtUL=    1 DoSpLW=F IThBeg=    0 IThEnd=    0 NThAct=    1.
 CoulSu:  IncDef=  1024 NBBP=             48 NTPThr=   100 NPartT=    1 Incr=           1 LDynOK=F GPUOK=F.
 CoulSu:  NPrtUS=   1 ThrOK=F IAlg=1 NPAlg=1 LenDen=           0 LWGrdD=           0 DoCopy=F ISkipM=0
          DoSpLW=F IThBeg=    0 IThEnd=    0.
 CoulSu:  IPart=    0 IPartR=    0 CPU=   -1 GPU=   -1.
 Enter PrismC:  IPart=  0 JobTyp= 6 DoJE=F Cont=F.
 PrismC:  IPart=     0 DynPar=F LinDyn=F Incr=           1 UseFst=F UseS4=F ISplat=2.
 PrismC was handed   104842700 working-precision words and     4 shell-pairs
 IPart=  0 NShTot=          48 NShNF=          48 NShFF=           0 MinMC=     958
           NShCPU=          48 NBCPU=           4 AvBCPU=        12.0
           NShGPU=           0 NBGPU=           0 AvBGPU=         0.0
 CoulSu-ThDecC:  IPartSL=    0    0 NPrtUSL=    1    1 IThBeg=    0 IThEnd=    0 CPU=   -1 GPU=   -1 NThAct=    1.
 CoulSu:  NxtVal=              2 LenVP=      104842701 MinMC=     958.
 VMM 
                 1             2             3             4             5 
      1   0.241188D-01 -0.317714D-01 -0.323486D-01 -0.452825D-01  0.107556D-01
      2   0.257443D-02 -0.384277D-02 -0.315482D-02 -0.104196D-01  0.342070D-03
      3   0.121579D-02  0.749877D-02  0.257110D-02  0.303975D-02  0.788035D-03
      4  -0.142170D-02 -0.600613D-02 -0.100132D-01 -0.526528D-02 -0.100906D-02
      5   0.231523D-03 -0.553403D-03  0.200039D-03 -0.370595D-02 -0.170416D-03
      6   0.358677D-03  0.280275D-02  0.626301D-03  0.139174D-02  0.320521D-04
      7  -0.235101D-03 -0.220445D-03  0.160646D-02  0.222216D-02  0.281964D-04
      8  -0.479599D-03 -0.180867D-02 -0.356702D-02 -0.259459D-02 -0.345002D-04
      9  -0.165723D-03  0.166346D-02 -0.221646D-04  0.654447D-03 -0.141348D-03
     10   0.357842D-05  0.773849D-03 -0.180650D-02  0.148380D-02  0.142220D-03
                 6             7             8             9            10 
      1   0.365355D-01  0.145734D-01 -0.387096D-01 -0.279055D-01 -0.179384D-01
      2  -0.389472D-04 -0.193224D-02  0.101385D-01  0.500355D-03  0.103547D-02
      3   0.192376D-02  0.127651D-03  0.667719D-02  0.369864D-02  0.967549D-03
      4  -0.253700D-02 -0.516655D-03 -0.697125D-02 -0.464207D-02 -0.100750D-02
      5   0.603197D-03  0.363778D-03 -0.296680D-02  0.913734D-03 -0.266178D-04
      6   0.248747D-04 -0.957740D-04 -0.297183D-02 -0.738432D-03 -0.346830D-03
      7  -0.396845D-03 -0.178238D-03  0.136321D-02 -0.159262D-03 -0.984652D-04
      8   0.176698D-03  0.212466D-03  0.275683D-02  0.802059D-03  0.505815D-03
      9  -0.260693D-03  0.383436D-04  0.136221D-02  0.144532D-02  0.204150D-04
     10  -0.206352D-03 -0.185541D-03  0.160358D-02 -0.754472D-03  0.125083D-03
                11            12 
      1  -0.185051D-01 -0.190834D-01
      2  -0.415238D-03 -0.645813D-04
      3   0.194840D-02  0.116377D-02
      4  -0.162393D-02 -0.279634D-02
      5   0.979240D-03  0.453296D-03
      6  -0.397037D-03  0.143857D-03
      7  -0.632260D-03  0.404218D-03
      8   0.199477D-04  0.860469D-03
      9   0.357700D-03  0.642292D-03
     10  -0.346980D-03 -0.857514D-03
 EMM          1
                 1             2             3             4             5 
      1   0.838411D-02  0.307662D-02  0.402213D-02  0.200783D-02  0.133842D-01
      2   0.127510D-02  0.437940D-03  0.181029D-02  0.489593D-02  0.193657D-03
      3  -0.426640D-03 -0.696451D-03 -0.780492D-03 -0.622203D-02  0.225806D-02
                 6             7             8             9            10 
      1   0.317701D-02  0.528211D-02 -0.501517D-03  0.114716D-01  0.543383D-02
      2  -0.117380D-02  0.224578D-02  0.389865D-02  0.484121D-02 -0.167671D-02
      3   0.224668D-02 -0.190905D-02 -0.546832D-02 -0.401586D-02  0.394481D-02
                11            12 
      1   0.396182D-02  0.305383D-02
      2   0.733012D-02  0.216752D-02
      3  -0.209125D-02 -0.973901D-02
 EMM          2
                 1             2             3             4             5 
      1   0.390609D-02 -0.158688D-01 -0.141771D-01 -0.294168D-01  0.855278D-03
      2   0.124215D-02  0.179047D-01  0.303833D-02  0.622006D-02  0.197026D-02
      3  -0.127592D-02 -0.127890D-01 -0.234428D-01 -0.117026D-01 -0.252293D-02
                 6             7             8             9            10 
      1  -0.184642D-02 -0.483076D-02  0.153964D-01  0.630350D-02 -0.180158D-02
      2   0.340684D-02  0.319144D-03  0.941932D-02  0.102912D-01 -0.306630D-02
      3  -0.483295D-02 -0.129167D-02 -0.967668D-02 -0.122547D-01  0.481835D-02
                11            12 
      1  -0.512186D-03  0.512583D-03
      2  -0.500362D-02 -0.219201D-02
      3   0.313976D-02  0.526993D-02
 VQM 
                 1             2             3             4             5 
      1   0.000000D+00  0.000000D+00  0.000000D+00  0.000000D+00  0.000000D+00
      2   0.000000D+00  0.000000D+00  0.000000D+00  0.000000D+00  0.000000D+00
      3   0.000000D+00  0.000000D+00  0.000000D+00  0.000000D+00  0.000000D+00
      4   0.000000D+00  0.000000D+00  0.000000D+00  0.000000D+00  0.000000D+00
      5   0.000000D+00  0.000000D+00  0.000000D+00  0.000000D+00  0.000000D+00
      6   0.000000D+00  0.000000D+00  0.000000D+00  0.000000D+00  0.000000D+00
      7   0.000000D+00  0.000000D+00  0.000000D+00  0.000000D+00  0.000000D+00
      8   0.000000D+00  0.000000D+00  0.000000D+00  0.000000D+00  0.000000D+00
      9   0.000000D+00  0.000000D+00  0.000000D+00  0.000000D+00  0.000000D+00
     10   0.000000D+00  0.000000D+00  0.000000D+00  0.000000D+00  0.000000D+00
                 6             7             8             9            10 
      1   0.000000D+00  0.000000D+00  0.000000D+00  0.000000D+00  0.000000D+00
      2   0.000000D+00  0.000000D+00  0.000000D+00  0.000000D+00  0.000000D+00
      3   0.000000D+00  0.000000D+00  0.000000D+00  0.000000D+00  0.000000D+00
      4   0.000000D+00  0.000000D+00  0.000000D+00  0.000000D+00  0.000000D+00
      5   0.000000D+00  0.000000D+00  0.000000D+00  0.000000D+00  0.000000D+00
      6   0.000000D+00  0.000000D+00  0.000000D+00  0.000000D+00  0.000000D+00
      7   0.000000D+00  0.000000D+00  0.000000D+00  0.000000D+00  0.000000D+00
      8   0.000000D+00  0.000000D+00  0.000000D+00  0.000000D+00  0.000000D+00
      9   0.000000D+00  0.000000D+00  0.000000D+00  0.000000D+00  0.000000D+00
     10   0.000000D+00  0.000000D+00  0.000000D+00  0.000000D+00  0.000000D+00
                11            12 
      1   0.000000D+00  0.000000D+00
      2   0.000000D+00  0.000000D+00
      3   0.000000D+00  0.000000D+00
      4   0.000000D+00  0.000000D+00
      5   0.000000D+00  0.000000D+00
      6   0.000000D+00  0.000000D+00
      7   0.000000D+00  0.000000D+00
      8   0.000000D+00  0.000000D+00
      9   0.000000D+00  0.000000D+00
     10   0.000000D+00  0.000000D+00
 EQM 
                 1             2             3             4             5 
      1   0.000000D+00  0.000000D+00  0.000000D+00  0.000000D+00  0.000000D+00
      2   0.000000D+00  0.000000D+00  0.000000D+00  0.000000D+00  0.000000D+00
      3   0.000000D+00  0.000000D+00  0.000000D+00  0.000000D+00  0.000000D+00
                 6             7             8             9            10 
      1   0.000000D+00  0.000000D+00  0.000000D+00  0.000000D+00  0.000000D+00
      2   0.000000D+00  0.000000D+00  0.000000D+00  0.000000D+00  0.000000D+00
      3   0.000000D+00  0.000000D+00  0.000000D+00  0.000000D+00  0.000000D+00
                11            12 
      1   0.000000D+00  0.000000D+00
      2   0.000000D+00  0.000000D+00
      3   0.000000D+00  0.000000D+00
 RHS for polarization          1
                 1             2             3             4             5 
      1   0.838411D-02  0.307662D-02  0.402213D-02  0.200783D-02  0.133842D-01
      2   0.127510D-02  0.437940D-03  0.181029D-02  0.489593D-02  0.193657D-03
      3  -0.426640D-03 -0.696451D-03 -0.780492D-03 -0.622203D-02  0.225806D-02
                 6             7             8             9            10 
      1   0.317701D-02  0.528211D-02 -0.501517D-03  0.114716D-01  0.543383D-02
      2  -0.117380D-02  0.224578D-02  0.389865D-02  0.484121D-02 -0.167671D-02
      3   0.224668D-02 -0.190905D-02 -0.546832D-02 -0.401586D-02  0.394481D-02
                11            12 
      1   0.396182D-02  0.305383D-02
      2   0.733012D-02  0.216752D-02
      3  -0.209125D-02 -0.973901D-02
 RHS for polarization          2
                 1             2             3             4             5 
      1   0.390609D-02 -0.158688D-01 -0.141771D-01 -0.294168D-01  0.855278D-03
      2   0.124215D-02  0.179047D-01  0.303833D-02  0.622006D-02  0.197026D-02
      3  -0.127592D-02 -0.127890D-01 -0.234428D-01 -0.117026D-01 -0.252293D-02
                 6             7             8             9            10 
      1  -0.184642D-02 -0.483076D-02  0.153964D-01  0.630350D-02 -0.180158D-02
      2   0.340684D-02  0.319144D-03  0.941932D-02  0.102912D-01 -0.306630D-02
      3  -0.483295D-02 -0.129167D-02 -0.967668D-02 -0.122547D-01  0.481835D-02
                11            12 
      1  -0.512186D-03  0.512583D-03
      2  -0.500362D-02 -0.219201D-02
      3   0.313976D-02  0.526993D-02
 K matrix: 
                 1             2             3             4             5 
      1   0.111083D+00  0.000000D+00  0.000000D+00  0.521431D-01  0.547690D-02
      2   0.000000D+00  0.111083D+00  0.000000D+00  0.547690D-02  0.937603D-02
      3   0.000000D+00  0.000000D+00  0.111083D+00 -0.413542D-03  0.328131D-02
      4   0.521431D-01  0.547690D-02 -0.413542D-03  0.298759D+00  0.000000D+00
      5   0.547690D-02  0.937603D-02  0.328131D-02  0.000000D+00  0.298759D+00
      6  -0.413542D-03  0.328131D-02  0.525856D-01  0.000000D+00  0.000000D+00
      7   0.528287D-01 -0.252374D-03 -0.585951D-03  0.258164D-01  0.429023D-02
      8  -0.252374D-03  0.458935D-01 -0.161230D-01  0.429023D-02 -0.276993D-01
      9  -0.585951D-03 -0.161230D-01  0.154042D-01  0.261322D-02 -0.328051D-01
     10   0.265125D-01 -0.127999D-01  0.176777D-01  0.145389D-01 -0.250036D-01
     11  -0.127999D-01  0.465954D-01  0.860025D-02 -0.250036D-01 -0.264938D-01
     12   0.176777D-01  0.860025D-02  0.409449D-01  0.108520D-01  0.229421D-01
     13   0.139353D-02  0.640942D-02 -0.136557D-01 -0.423317D-02  0.183147D-01
     14   0.640942D-02  0.255690D-01  0.339645D-02  0.183147D-01 -0.323859D-02
     15  -0.136557D-01  0.339645D-02  0.199268D-01 -0.100951D-01  0.982472D-02
     16   0.751314D-03  0.780200D-02 -0.123725D-01  0.155266D-02  0.468160D-02
     17   0.780200D-02  0.474760D-02  0.960313D-02  0.468160D-02 -0.187488D-02
     18  -0.123725D-01  0.960313D-02 -0.442547D-02 -0.383787D-02  0.549184D-02
     19  -0.181699D-01 -0.227390D-02 -0.220423D-02 -0.118809D-01  0.648928D-02
     20  -0.227390D-02  0.962641D-02 -0.179127D-03  0.648928D-02  0.494353D-02
     21  -0.220423D-02 -0.179127D-03  0.963756D-02 -0.202128D-02  0.689025D-03
     22  -0.722505D-02  0.587879D-04 -0.223828D-02 -0.472664D-02  0.243967D-02
     23   0.587879D-04  0.383877D-02  0.118928D-04  0.243967D-02  0.215681D-02
     24  -0.223828D-02  0.118928D-04  0.338628D-02 -0.166976D-02  0.531781D-03
     25  -0.730297D-02 -0.565175D-02  0.497482D-02 -0.112037D-01 -0.972848D-04
     26  -0.565175D-02  0.341747D-02  0.213820D-02 -0.972848D-04  0.656380D-02
     27   0.497482D-02  0.213820D-02  0.396452D-02  0.584106D-02  0.319813D-04
     28  -0.335040D-02 -0.187020D-02  0.198833D-02 -0.426020D-02 -0.186492D-03
     29  -0.187020D-02  0.171531D-02  0.654523D-03 -0.186492D-03  0.246202D-02
     30   0.198833D-02  0.654523D-03  0.163508D-02  0.212150D-02  0.588106D-04
     31  -0.241788D-02 -0.718727D-02  0.239725D-02 -0.118440D-01 -0.890156D-02
     32  -0.718727D-02 -0.186416D-02  0.230668D-02 -0.890156D-02  0.470853D-02
     33   0.239725D-02  0.230668D-02  0.428221D-02  0.544462D-02  0.237218D-02
     34  -0.374526D-02 -0.377548D-02  0.983380D-02 -0.544741D-02  0.230992D-02
     35  -0.377548D-02  0.570386D-02  0.344653D-02  0.230992D-02  0.668535D-02
     36   0.983380D-02  0.344653D-02 -0.194993D-02  0.102388D-01 -0.188338D-02
                 6             7             8             9            10 
      1  -0.413542D-03  0.528287D-01 -0.252374D-03 -0.585951D-03  0.265125D-01
      2   0.328131D-02 -0.252374D-03  0.458935D-01 -0.161230D-01 -0.127999D-01
      3   0.525856D-01 -0.585951D-03 -0.161230D-01  0.154042D-01  0.176777D-01
      4   0.000000D+00  0.258164D-01  0.429023D-02  0.261322D-02  0.145389D-01
      5   0.000000D+00  0.429023D-02 -0.276993D-01 -0.328051D-01 -0.250036D-01
      6   0.298759D+00  0.261322D-02 -0.328051D-01  0.617623D-02  0.108520D-01
      7   0.261322D-02  0.298759D+00  0.000000D+00  0.000000D+00  0.101425D-01
      8  -0.328051D-01  0.000000D+00  0.298759D+00  0.000000D+00  0.448269D-03
      9   0.617623D-02  0.000000D+00  0.000000D+00  0.298759D+00  0.306937D-01
     10   0.108520D-01  0.101425D-01  0.448269D-03  0.306937D-01  0.298759D+00
     11   0.229421D-01  0.448269D-03  0.262834D-01 -0.851776D-03  0.000000D+00
     12   0.164087D-01  0.306937D-01 -0.851776D-03 -0.320266D-01  0.000000D+00
     13  -0.100951D-01 -0.129239D-02 -0.128498D-02 -0.204692D-01 -0.273968D-01
     14   0.982472D-02 -0.128498D-02  0.145839D-01 -0.164600D-02 -0.163654D-02
     15   0.917018D-02 -0.204692D-01 -0.164600D-02 -0.115329D-01 -0.251550D-02
     16  -0.383787D-02  0.206859D-02  0.139768D-02 -0.603420D-02 -0.112873D-01
     17   0.549184D-02  0.139768D-02  0.453242D-02  0.272498D-02  0.595068D-02
     18   0.322220D-03 -0.603420D-02  0.272498D-02 -0.660100D-02 -0.102143D-01
     19  -0.202128D-02 -0.870255D-02 -0.393284D-02 -0.745313D-02 -0.724067D-02
     20   0.689025D-03 -0.393284D-02  0.565637D-02 -0.190764D-02 -0.205549D-02
     21   0.694102D-02 -0.745313D-02 -0.190764D-02  0.304781D-02  0.125722D-02
     22  -0.166976D-02 -0.384334D-02 -0.829017D-03 -0.334707D-02 -0.402056D-02
     23   0.531781D-03 -0.829017D-03  0.271138D-02 -0.416763D-03 -0.571202D-03
     24   0.256983D-02 -0.334707D-02 -0.416763D-03  0.113196D-02 -0.153342D-03
     25   0.584106D-02 -0.676343D-02 -0.734723D-02 -0.186639D-03 -0.262183D-02
     26   0.319813D-04 -0.734723D-02  0.119528D-02 -0.111170D-03 -0.218281D-02
     27   0.464415D-02 -0.186639D-03 -0.111170D-03  0.556876D-02  0.221865D-02
     28   0.212150D-02 -0.353697D-02 -0.264442D-02  0.418867D-03 -0.150376D-02
     29   0.588106D-04 -0.264442D-02  0.119188D-02  0.187366D-03 -0.951400D-03
     30   0.179817D-02  0.418867D-03  0.187366D-03  0.234509D-02  0.108916D-02
     31   0.544462D-02 -0.109616D-02 -0.583727D-02 -0.714981D-03 -0.130883D-02
     32   0.237218D-02 -0.583727D-02 -0.276771D-02 -0.824643D-03 -0.286372D-02
     33   0.713593D-02 -0.714981D-03 -0.824643D-03  0.386386D-02  0.144754D-02
     34   0.102388D-01 -0.106961D-01 -0.119260D-01  0.848812D-02 -0.160264D-02
     35  -0.188338D-02 -0.119260D-01  0.368895D-02  0.479317D-02 -0.164958D-02
     36  -0.123792D-02  0.848812D-02  0.479317D-02  0.701201D-02  0.354689D-02
                11            12            13            14            15 
      1  -0.127999D-01  0.176777D-01  0.139353D-02  0.640942D-02 -0.136557D-01
      2   0.465954D-01  0.860025D-02  0.640942D-02  0.255690D-01  0.339645D-02
      3   0.860025D-02  0.409449D-01 -0.136557D-01  0.339645D-02  0.199268D-01
      4  -0.250036D-01  0.108520D-01 -0.423317D-02  0.183147D-01 -0.100951D-01
      5  -0.264938D-01  0.229421D-01  0.183147D-01 -0.323859D-02  0.982472D-02
      6   0.229421D-01  0.164087D-01 -0.100951D-01  0.982472D-02  0.917018D-02
      7   0.448269D-03  0.306937D-01 -0.129239D-02 -0.128498D-02 -0.204692D-01
      8   0.262834D-01 -0.851776D-03 -0.128498D-02  0.145839D-01 -0.164600D-02
      9  -0.851776D-03 -0.320266D-01 -0.204692D-01 -0.164600D-02 -0.115329D-01
     10   0.000000D+00  0.000000D+00 -0.273968D-01 -0.163654D-02 -0.251550D-02
     11   0.298759D+00  0.000000D+00 -0.163654D-02  0.146199D-01 -0.978303D-04
     12   0.000000D+00  0.298759D+00 -0.251550D-02 -0.978303D-04  0.145332D-01
     13  -0.163654D-02 -0.251550D-02  0.111083D+00  0.000000D+00  0.000000D+00
     14   0.146199D-01 -0.978303D-04  0.000000D+00  0.111083D+00  0.000000D+00
     15  -0.978303D-04  0.145332D-01  0.000000D+00  0.000000D+00  0.111083D+00
     16   0.595068D-02 -0.102143D-01  0.400195D-01  0.765876D-03 -0.102709D-02
     17   0.734243D-02  0.298415D-02  0.765876D-03  0.274839D-01  0.168736D-01
     18   0.298415D-02  0.395867D-02 -0.102709D-02  0.168736D-01  0.174376D-01
     19  -0.205549D-02  0.125722D-02  0.839902D-02 -0.113842D-01  0.108612D-01
     20   0.350145D-02  0.232350D-03 -0.113842D-01  0.279332D-01  0.499235D-02
     21   0.232350D-03  0.373922D-02  0.108612D-01  0.499235D-02  0.284030D-01
     22  -0.571202D-03 -0.153342D-03 -0.298656D-01 -0.727172D-02  0.552641D-03
     23   0.198530D-02 -0.144544D-04 -0.727172D-02  0.163387D-01  0.849220D-04
     24  -0.144544D-04  0.203526D-02  0.552641D-03  0.849220D-04  0.174496D-01
     25  -0.218281D-02  0.221865D-02  0.279820D-02 -0.741663D-02  0.865265D-02
     26   0.132695D-02  0.984793D-03 -0.741663D-02  0.770763D-03  0.991576D-02
     27   0.984793D-03  0.129488D-02  0.865265D-02  0.991576D-02 -0.229820D-02
     28  -0.951400D-03  0.108916D-02 -0.150391D-02 -0.355523D-02  0.459799D-02
     29   0.804916D-03  0.390995D-03 -0.355523D-02  0.154067D-02  0.303298D-02
     30   0.390995D-03  0.698849D-03  0.459799D-02  0.303298D-02 -0.367565D-04
     31  -0.286372D-02  0.144754D-02  0.445317D-02 -0.440032D-02  0.253618D-02
     32  -0.229465D-03  0.120023D-02 -0.440032D-02 -0.635813D-02  0.713299D-02
     33   0.120023D-02  0.153830D-02  0.253618D-02  0.713299D-02  0.190655D-02
     34  -0.164958D-02  0.354689D-02  0.572165D-02 -0.182438D-02  0.447526D-02
     35   0.197008D-02  0.138717D-02 -0.182438D-02  0.413096D-02  0.683306D-02
     36   0.138717D-02 -0.367431D-03  0.447526D-02  0.683306D-02 -0.984524D-02
                16            17            18            19            20 
      1   0.751314D-03  0.780200D-02 -0.123725D-01 -0.181699D-01 -0.227390D-02
      2   0.780200D-02  0.474760D-02  0.960313D-02 -0.227390D-02  0.962641D-02
      3  -0.123725D-01  0.960313D-02 -0.442547D-02 -0.220423D-02 -0.179127D-03
      4   0.155266D-02  0.468160D-02 -0.383787D-02 -0.118809D-01  0.648928D-02
      5   0.468160D-02 -0.187488D-02  0.549184D-02  0.648928D-02  0.494353D-02
      6  -0.383787D-02  0.549184D-02  0.322220D-03 -0.202128D-02  0.689025D-03
      7   0.206859D-02  0.139768D-02 -0.603420D-02 -0.870255D-02 -0.393284D-02
      8   0.139768D-02  0.453242D-02  0.272498D-02 -0.393284D-02  0.565637D-02
      9  -0.603420D-02  0.272498D-02 -0.660100D-02 -0.745313D-02 -0.190764D-02
     10  -0.112873D-01  0.595068D-02 -0.102143D-01 -0.724067D-02 -0.205549D-02
     11   0.595068D-02  0.734243D-02  0.298415D-02 -0.205549D-02  0.350145D-02
     12  -0.102143D-01  0.298415D-02  0.395867D-02  0.125722D-02  0.232350D-03
     13   0.400195D-01  0.765876D-03 -0.102709D-02  0.839902D-02 -0.113842D-01
     14   0.765876D-03  0.274839D-01  0.168736D-01 -0.113842D-01  0.279332D-01
     15  -0.102709D-02  0.168736D-01  0.174376D-01  0.108612D-01  0.499235D-02
     16   0.177043D+00  0.000000D+00  0.000000D+00  0.407446D-02 -0.105974D-01
     17   0.000000D+00  0.177043D+00  0.000000D+00 -0.105974D-01  0.131861D-02
     18   0.000000D+00  0.000000D+00  0.177043D+00  0.124893D-01  0.142184D-01
     19   0.407446D-02 -0.105974D-01  0.124893D-01  0.138103D+00  0.000000D+00
     20  -0.105974D-01  0.131861D-02  0.142184D-01  0.000000D+00  0.138103D+00
     21   0.124893D-01  0.142184D-01 -0.337363D-02  0.000000D+00  0.000000D+00
     22  -0.984193D-02 -0.106375D-01  0.102521D-01  0.276109D-01  0.837770D-02
     23  -0.106375D-01  0.474482D-02  0.540125D-02  0.837770D-02  0.588465D-01
     24   0.102521D-01  0.540125D-02  0.514351D-02 -0.184449D-01  0.463474D-02
     25   0.212713D-02 -0.189130D-02  0.231789D-02  0.299899D-01 -0.158989D-02
     26  -0.189130D-02 -0.211905D-03  0.415855D-02 -0.158989D-02  0.157122D-01
     27   0.231789D-02  0.415855D-02 -0.191522D-02  0.205269D-02  0.186595D-01
     28   0.345102D-03 -0.149816D-02  0.196077D-02  0.213527D-02 -0.118734D-01
     29  -0.149816D-02  0.359017D-03  0.195169D-02 -0.118734D-01  0.577097D-02
     30   0.196077D-02  0.195169D-02 -0.704119D-03  0.175009D-01  0.150254D-01
